chr1	4298205	4304166	1 chr1	4305215	4308882	1 chr1	4308891	4318151	1
chr1	5846804	5850941	3 chr1	5852473	5855602	3 chr1	5855701	5858701	3
chr1	36583743	36611849	18 chr1	36612175	36617608	18 chr1	36618439	36621439	18
chr1	66467858	66470858	30 chr1	66471846	66475025	30 chr1	66475097	66478097	30
chr1	69320102	69323102	31 chr1	69323985	69328289	31 chr1	69328700	69331700	31
chr1	78591278	78594278	34 chr1	78594559	78598651	34 chr1	78599367	78602367	34
chr1	87556713	87567411	37 chr1	87567985	87571263	37 chr1	87571823	87578682	37
chr1	104437738	104440738	42 chr1	104440970	104444862	42 chr1	104445034	104448051	42
chr1	163841245	163844245	50 chr1	163844497	163847593	50 chr1	163847764	163876183	50
chr1	164446641	164472277	51 chr1	164474996	164478268	51 chr1	164478592	164488378	51
chr1	176443799	176446799	55 chr1	176447576	176452521	55 chr1	176453190	176460228	55
chr1	177774922	177777922	56 chr1	177778064	177781371	56 chr1	177782675	177791974	56
chr1	185538620	185541620	59 chr1	185542291	185549861	59 chr1	185550860	185553860	59
chr1	196194442	196202296	62 chr1	196203806	196209944	62 chr1	196210516	196213516	62
chr1	207999878	208004958	66 chr1	208006207	208010549	66 chr1	208010964	208017278	66
chr1	213394896	213403893	70 chr1	213404663	213409669	70 chr1	213411798	213424373	70
chr1	214232937	214235937	73 chr1	214236678	214240163	73 chr1	214240756	214248108	73
chr1	214947064	214954042	75 chr1	214954313	214959521	75 chr1	214961379	214964379	75
chr1	223435974	223456125	79 chr1	223458703	223461787	79 chr1	223461850	223474565	79
chr1	232258517	232277715	80 chr1	232279347	232286537	80 chr1	232288160	232305209	80
chr1	236941340	236962803	86 chr1	236965141	236969622	86 chr1	236971168	236979795	86
chr2	2522406	2527163	93 chr2	2528650	2532432	93 chr2	2533143	2541935	93
chr2	4711030	4714030	96 chr2	4715230	4721132	96 chr2	4722597	4728434	96
chr2	5120682	5127653	98 chr2	5129284	5134172	98 chr2	5135947	5151003	98
chr2	5183410	5203462	99 chr2	5204691	5208742	99 chr2	5210437	5213437	99
chr2	12922752	12925752	106 chr2	12926394	12930150	106 chr2	12930791	12933791	106
chr2	14505306	14508306	108 chr2	14508784	14512228	108 chr2	14513722	14516722	108
chr2	15576583	15579583	109 chr2	15579907	15582971	109 chr2	15584436	15587436	109
chr2	15812191	15821051	110 chr2	15821475	15827226	110 chr2	15829531	15841859	110
chr2	17037788	17061270	111 chr2	17061976	17064987	111 chr2	17065208	17091396	111
chr2	18441278	18465164	112 chr2	18465507	18470727	112 chr2	18471241	18476449	112
chr2	18826163	18829163	113 chr2	18831542	18834890	113 chr2	18835196	18838196	113
chr2	28362795	28373197	118 chr2	28374438	28378847	118 chr2	28380044	28383044	118
chr2	36330737	36333737	121 chr2	36333977	36337515	121 chr2	36338096	36343996	121
chr2	43181894	43184894	124 chr2	43186034	43191477	124 chr2	43194205	43199740	124
chr2	53268066	53275261	129 chr2	53275637	53281551	129 chr2	53283408	53286408	129
chr2	66300591	66303591	135 chr2	66304611	66307851	135 chr2	66309425	66312425	135
chr2	76665222	76684656	137 chr2	76685159	76688474	137 chr2	76690050	76713148	137
chr2	84140164	84143164	139 chr2	84143766	84147448	139 chr2	84147872	84158440	139
chr2	117592665	117604345	142 chr2	117604933	117611240	142 chr2	117611854	117641566	142
chr2	123969028	123972028	144 chr2	123972595	123975669	144 chr2	123975909	123978909	144
chr2	129741786	129765321	146 chr2	129766462	129772879	146 chr2	129774961	129786525	146
chr2	131929520	131932520	147 chr2	131933488	131939480	147 chr2	131939754	131942754	147
chr2	136276896	136282214	148 chr2	136283796	136286868	148 chr2	136287040	136300396	148
chr2	137930631	137933631	149 chr2	137934663	137940675	149 chr2	137942146	137960181	149
chr2	142480997	142495971	150 chr2	142496393	142500805	150 chr2	142501011	142504011	150
chr2	167647176	167650176	155 chr2	167651314	167655016	155 chr2	167656371	167678527	155
chr2	172250234	172270626	160 chr2	172270990	172274502	160 chr2	172275527	172278770	160
chr2	175845390	175871000	162 chr2	175872033	175876446	162 chr2	175878025	175885085	162
chr2	180442789	180445789	163 chr2	180446198	180449792	163 chr2	180450019	180453019	163
chr2	185358776	185375937	164 chr2	185376791	185381645	164 chr2	185382910	185385910	164
chr2	205632246	205638287	166 chr2	205640581	205643732	166 chr2	205646225	205649225	166
chr2	217087003	217113472	173 chr2	217113834	217119167	173 chr2	217119937	217122937	173
chr2	220849428	220860791	178 chr2	220861024	220866570	178 chr2	220866640	220869640	178
chr2	221651493	221654493	179 chr2	221655272	221659634	179 chr2	221659722	221683955	179
chr2	221988562	221991562	180 chr2	221992618	221998698	180 chr2	222001027	222016720	180
chr2	226672625	226692779	184 chr2	226694021	226701788	184 chr2	226702034	226714491	184
chr2	226702034	226714491	185 chr2	226716864	226722823	185 chr2	226722830	226725830	185
chr2	234134837	234162924	191 chr2	234164814	234172997	191 chr2	234174274	234188509	191
chr2	235304393	235319499	194 chr2	235319926	235325301	194 chr2	235325798	235328798	194
chr2	239016761	239023237	196 chr2	239025060	239031650	196 chr2	239033955	239043052	196
chr3	1471983	1483538	201 chr3	1485292	1488308	201 chr3	1488704	1491704	201
chr3	5746780	5755632	205 chr3	5756210	5760422	205 chr3	5761234	5782842	205
chr3	18982580	18985580	209 chr3	18985801	18989422	209 chr3	18990584	18993584	209
chr3	22598019	22601019	210 chr3	22603429	22606629	210 chr3	22608419	22611419	210
chr3	26975621	26990437	211 chr3	26992722	26996237	211 chr3	26996849	27006011	211
chr3	33931745	33944673	214 chr3	33944758	33949002	214 chr3	33950362	33953362	214
chr3	34766292	34769292	215 chr3	34769497	34773297	215 chr3	34775747	34778747	215
chr3	41013627	41021528	216 chr3	41021667	41024730	216 chr3	41025564	41028564	216
chr3	66671152	66689382	225 chr3	66689906	66693277	225 chr3	66694466	66708888	225
chr3	67273866	67284514	226 chr3	67284796	67287984	226 chr3	67289601	67292601	226
chr3	73186490	73189490	230 chr3	73189542	73192930	230 chr3	73193025	73211756	230
chr3	103337971	103361353	233 chr3	103362986	103367475	233 chr3	103369823	103372823	233
chr3	103707016	103722061	234 chr3	103723762	103729493	234 chr3	103731747	103735147	234
chr3	108004895	108010181	235 chr3	108010700	108014130	235 chr3	108014753	108028825	235
chr3	110236730	110239730	236 chr3	110242469	110246072	236 chr3	110246234	110249505	236
chr3	115558434	115561434	238 chr3	115563211	115571008	238 chr3	115571242	115595731	238
chr3	117349307	117352307	241 chr3	117353247	117358372	241 chr3	117358489	117361489	241
chr3	127039106	127057065	245 chr3	127059396	127064424	245 chr3	127065146	127083276	245
chr3	135730532	135733532	249 chr3	135735100	135739814	249 chr3	135741075	135744075	249
chr3	147771829	147774829	252 chr3	147775451	147778630	252 chr3	147778712	147785796	252
chr3	152183023	152186023	255 chr3	152186401	152189985	255 chr3	152190087	152215601	255
chr3	171953161	171966877	259 chr3	171967792	171971976	259 chr3	171972471	171975471	259
chr3	187604862	187610058	268 chr3	187610687	187614955	268 chr3	187616412	187627147	268
chr4	17221648	17235135	288 chr4	17235189	17239661	288 chr4	17241313	17260769	288
chr4	25936100	25963571	292 chr4	25964406	25967872	292 chr4	25968157	25972336	292
chr4	27044403	27047403	293 chr4	27049787	27055566	293 chr4	27055696	27064416	293
chr4	31392288	31395288	294 chr4	31396370	31401708	294 chr4	31402636	31412072	294
chr4	31742430	31757319	295 chr4	31759534	31765085	295 chr4	31767096	31778906	295
chr4	32314491	32317716	296 chr4	32318728	32321752	296 chr4	32321934	32337243	296
chr4	33189957	33195494	297 chr4	33195917	33201393	297 chr4	33201518	33216921	297
chr4	66736552	66741591	303 chr4	66744320	66748292	303 chr4	66749454	66778722	303
chr4	80132702	80135702	304 chr4	80136773	80140079	304 chr4	80140268	80143268	304
chr4	89201268	89204268	308 chr4	89204723	89210170	308 chr4	89211319	89231202	308
chr4	111590983	111593983	313 chr4	111595451	111598528	313 chr4	111601047	111604613	313
chr4	126344784	126349338	315 chr4	126352294	126355444	315 chr4	126355620	126371491	315
chr4	129439999	129442999	317 chr4	129443228	129446656	317 chr4	129447087	129450087	317
chr4	130172227	130175227	318 chr4	130176277	130182581	318 chr4	130182729	130197458	318
chr4	136460987	136477378	319 chr4	136479344	136484085	319 chr4	136485521	136492923	319
chr4	137611708	137614708	320 chr4	137616293	137621579	320 chr4	137622890	137625890	320
chr4	154847479	154850479	328 chr4	154851099	154854574	328 chr4	154856502	154879294	328
chr4	155105155	155115811	329 chr4	155118106	155124075	329 chr4	155125121	155128121	329
chr4	166168242	166171242	332 chr4	166172896	166177350	332 chr4	166178189	166181189	332
chr4	167474757	167477757	333 chr4	167479729	167485410	333 chr4	167485721	167488721	333
chr4	176364785	176367785	336 chr4	176368954	176373256	336 chr4	176375824	176389347	336
chr4	177045543	177048543	337 chr4	177048954	177056271	337 chr4	177057387	177060387	337
chr4	177287935	177298634	338 chr4	177299051	177303484	338 chr4	177304521	177308458	338
chr4	180828004	180857757	340 chr4	180858815	180862831	340 chr4	180865541	180891396	340
chr4	185974978	185983194	344 chr4	185986033	185989741	344 chr4	185990462	186008492	344
chr4	187103317	187122917	347 chr4	187123187	187127360	347 chr4	187129195	187142515	347
chr4	189121430	189143785	348 chr4	189144043	189148347	348 chr4	189149730	189165474	348
chr5	2841595	2845667	352 chr5	2847579	2851742	352 chr5	2853252	2865165	352
chr5	2969119	2978867	353 chr5	2979596	2987670	353 chr5	2990206	2997060	353
chr5	3205651	3216157	354 chr5	3217727	3221231	354 chr5	3221295	3238557	354
chr5	3736166	3749711	355 chr5	3752698	3755905	355 chr5	3756323	3763967	355
chr5	5106711	5109711	359 chr5	5112075	5115992	359 chr5	5116482	5125039	359
chr5	5539814	5542814	361 chr5	5543439	5546647	361 chr5	5547108	5575116	361
chr5	16029670	16032670	373 chr5	16034123	16038020	373 chr5	16038497	16041497	373
chr5	27780220	27802242	374 chr5	27804498	27809580	374 chr5	27810333	27813333	374
chr5	34542853	34563918	376 chr5	34564730	34570659	376 chr5	34571236	34585708	376
chr5	35364686	35391937	378 chr5	35392784	35395896	378 chr5	35396070	35399070	378
chr5	36415262	36430914	379 chr5	36431813	36434932	379 chr5	36435392	36444125	379
chr5	53336188	53365367	385 chr5	53365858	53368862	385 chr5	53369901	53372901	385
chr5	63232214	63235214	388 chr5	63237065	63240948	388 chr5	63241652	63253060	388
chr5	125764023	125789123	403 chr5	125789331	125793101	403 chr5	125793385	125819452	403
chr5	148786543	148790112	410 chr5	148792388	148795541	410 chr5	148795769	148809863	410
chr5	175543587	175571262	424 chr5	175573504	175581774	424 chr5	175582990	175596653	424
chr6	460479	463479	428 chr6	465937	471435	428 chr6	471739	480107	428
chr6	1124247	1129893	429 chr6	1132375	1135661	429 chr6	1137899	1163216	429
chr6	1459240	1475056	430 chr6	1475345	1479069	430 chr6	1479773	1492427	430
chr6	9490434	9518008	438 chr6	9519333	9524042	438 chr6	9525077	9541728	438
chr6	11893365	11907482	441 chr6	11907933	11911980	441 chr6	11912812	11941915	441
chr6	12179469	12182469	442 chr6	12183719	12187445	442 chr6	12187994	12202990	442
chr6	12358617	12361987	443 chr6	12362378	12369573	443 chr6	12370367	12387933	443
chr6	19947810	19972262	445 chr6	19972707	19975715	445 chr6	19975986	20002926	445
chr6	23380449	23405012	447 chr6	23406160	23409770	447 chr6	23410861	23432565	447
chr6	42476270	42479270	455 chr6	42479394	42490165	455 chr6	42490268	42493268	455
chr6	43708310	43711310	456 chr6	43712602	43715834	456 chr6	43718274	43722226	456
chr6	71734345	71737345	460 chr6	71738905	71741982	460 chr6	71743003	71746959	460
chr6	148580655	148596754	473 chr6	148596805	148600689	473 chr6	148603662	148606662	473
chr6	155766099	155781928	478 chr6	155782791	155787112	478 chr6	155788333	155810060	478
chr6	164165283	164168283	484 chr6	164168892	164173547	484 chr6	164174721	164189363	484
chr7	1174804	1177804	488 chr7	1178399	1181464	488 chr7	1181892	1186244	488
chr7	3211926	3230927	489 chr7	3232366	3235891	489 chr7	3236636	3241848	489
chr7	22765965	22768965	498 chr7	22769382	22772973	498 chr7	22774123	22777123	498
chr7	25029739	25032739	499 chr7	25034746	25039093	499 chr7	25039729	25066313	499
chr7	33635727	33638727	500 chr7	33640022	33644615	500 chr7	33644745	33647745	500
chr7	40876220	40883385	502 chr7	40883870	40901237	502 chr7	40901618	40904618	502
chr7	77469215	77472215	505 chr7	77473414	77477480	505 chr7	77478148	77481148	505
chr7	98484849	98487849	512 chr7	98488658	98492466	512 chr7	98492531	98520565	512
chr7	113676018	113696599	517 chr7	113697908	113709477	517 chr7	113709738	113712738	517
chr7	115865738	115868738	518 chr7	115871434	115876899	518 chr7	115877489	115880489	518
chr7	117230764	117233764	519 chr7	117234417	117239170	519 chr7	117239553	117242553	519
chr7	131606035	131614902	520 chr7	131616855	131619903	520 chr7	131620588	131645042	520
chr7	135877753	135898789	522 chr7	135901734	135905283	522 chr7	135908197	135911197	522
chr7	148655364	148658364	528 chr7	148661019	148664185	528 chr7	148664393	148667393	528
chr7	153076915	153082896	531 chr7	153084183	153087829	531 chr7	153089444	153101209	531
chr8	559893	562893	535 chr8	563226	566551	535 chr8	567739	570739	535
chr8	5271722	5286160	538 chr8	5287261	5291048	538 chr8	5291119	5301092	538
chr8	69949364	69952382	561 chr8	69953344	69956899	561 chr8	69958621	69961621	561
chr8	81339323	81347571	566 chr8	81348248	81352188	566 chr8	81354048	81357048	566
chr8	93981306	93989911	568 chr8	93990124	93995713	568 chr8	93997583	94000583	568
chr8	100847361	100867258	572 chr8	100867370	100873012	572 chr8	100874802	100877802	572
chr8	102182660	102186979	573 chr8	102187070	102190855	573 chr8	102190875	102193875	573
chr8	124426434	124436519	582 chr8	124438232	124443329	582 chr8	124444687	124447687	582
chr8	125666677	125694860	583 chr8	125695391	125698665	583 chr8	125699699	125702699	583
chr8	125848406	125851406	584 chr8	125851536	125856596	584 chr8	125856709	125859709	584
chr8	131508881	131522437	588 chr8	131522597	131525619	588 chr8	131525764	131528764	588
chr8	131593625	131605349	589 chr8	131605356	131608576	589 chr8	131608697	131611697	589
chr9	1366007	1381203	596 chr9	1382374	1387660	596 chr9	1389985	1412632	596
chr9	1880152	1908798	597 chr9	1910598	1921061	597 chr9	1922044	1948414	597
chr9	1922044	1948414	598 chr9	1949365	1952515	598 chr9	1953290	1962295	598
chr9	7362484	7373051	602 chr9	7373868	7377978	602 chr9	7378095	7383445	602
chr9	7750727	7757657	603 chr9	7758579	7764366	603 chr9	7764447	7770233	603
chr9	10665702	10673850	607 chr9	10674573	10683423	607 chr9	10686202	10710333	607
chr9	13594151	13601829	609 chr9	13602511	13607507	609 chr9	13610200	13616432	609
chr9	13774684	13793530	610 chr9	13796249	13799422	610 chr9	13799718	13807216	610
chr9	36734904	36738644	618 chr9	36741030	36747072	618 chr9	36747150	36750150	618
chr9	75433758	75447605	622 chr9	75447941	75453306	622 chr9	75453728	75456728	622
chr9	75545334	75548334	623 chr9	75550297	75555332	623 chr9	75556270	75559270	623
chr9	78446483	78449483	626 chr9	78449981	78467542	626 chr9	78467599	78480744	626
chr9	78535054	78538054	627 chr9	78539585	78544320	627 chr9	78544577	78549640	627
chr9	78890273	78893273	628 chr9	78893393	78896470	628 chr9	78897904	78912996	628
chr9	79729543	79732543	629 chr9	79733856	79737131	629 chr9	79737340	79740340	629
chr9	82806734	82810174	631 chr9	82810215	82813292	631 chr9	82814068	82824887	631
chr9	103715982	103725471	640 chr9	103727649	103730806	640 chr9	103731243	103734243	640
chr9	107431161	107438095	643 chr9	107438714	107441885	643 chr9	107444170	107454816	643
chr9	115977665	115980665	649 chr9	115982266	115987866	649 chr9	115990508	115993508	649
chr9	118553569	118556569	651 chr9	118558016	118563946	651 chr9	118564131	118567131	651
chr9	119073229	119076229	652 chr9	119077650	119097806	652 chr9	119099286	119102286	652
chr9	119671775	119676869	653 chr9	119677253	119683073	653 chr9	119683321	119686321	653
chr9	123284236	123287236	654 chr9	123289269	123292322	654 chr9	123292562	123309545	654
chr9	134262626	134271872	662 chr9	134272132	134275600	662 chr9	134277874	134290253	662
chr10	698175	701175	666 chr10	703298	707269	666 chr10	707649	716932	666
chr10	2053272	2062005	667 chr10	2062173	2065896	667 chr10	2065988	2071235	667
chr10	3177987	3180987	668 chr10	3182617	3201739	668 chr10	3203256	3222398	668
chr10	3277786	3282424	669 chr10	3282834	3288395	669 chr10	3289126	3307300	669
chr10	4524101	4527101	671 chr10	4528233	4531282	671 chr10	4531321	4539823	671
chr10	4753076	4762915	672 chr10	4763511	4766994	672 chr10	4768799	4779668	672
chr10	7120602	7126188	676 chr10	7128054	7132138	676 chr10	7132253	7135253	676
chr10	17290157	17293157	684 chr10	17294534	17298343	684 chr10	17298740	17302843	684
chr10	25855638	25867511	690 chr10	25867615	25871869	690 chr10	25872315	25890345	690
chr10	29934931	29941373	695 chr10	29942039	29945254	695 chr10	29945339	29948339	695
chr10	31613449	31616449	696 chr10	31616929	31621115	696 chr10	31623176	31626176	696
chr10	33942347	33946482	697 chr10	33946645	33950341	697 chr10	33952628	33968610	697
chr10	53075122	53078122	699 chr10	53078406	53082351	699 chr10	53083739	53097659	699
chr10	81832933	81835933	714 chr10	81836383	81841941	714 chr10	81842847	81845847	714
chr10	92732996	92735996	719 chr10	92738679	92742672	719 chr10	92744564	92747564	719
chr10	97789509	97792509	721 chr10	97794423	97797944	721 chr10	97798553	97801553	721
chr10	100853839	100858896	722 chr10	100860740	100864045	722 chr10	100866821	100872865	722
chr10	106203013	106230924	724 chr10	106232591	106236809	724 chr10	106238522	106264736	724
chr10	109165449	109168449	726 chr10	109169712	109172797	726 chr10	109174266	109178431	726
chr10	113930780	113938269	729 chr10	113940246	113946986	729 chr10	113948208	113951208	729
chr10	120102341	120115244	732 chr10	120115479	120132010	732 chr10	120132427	120142287	732
chr10	121370461	121373461	733 chr10	121373689	121378743	733 chr10	121378757	121394674	733
chr10	126680034	126683034	739 chr10	126684428	126687911	739 chr10	126690029	126704102	739
chr10	128826955	128834010	740 chr10	128835112	128839000	740 chr10	128841034	128860918	740
chr10	129247956	129252913	741 chr10	129253523	129256597	741 chr10	129257807	129276943	741
chr10	129389497	129392497	742 chr10	129394715	129398183	742 chr10	129399608	129411897	742
chr11	33949860	33970783	755 chr11	33971391	33974694	755 chr11	33975418	33983491	755
chr11	98807987	98832364	775 chr11	98832438	98835688	775 chr11	98835929	98838929	775
chr11	100995923	100998923	778 chr11	100999608	101002624	778 chr11	101002795	101006471	778
chr11	101276893	101279893	779 chr11	101282230	101288692	779 chr11	101291188	101300945	779
chr11	103574995	103577995	781 chr11	103578039	103581648	781 chr11	103583133	103591495	781
chr11	106621114	106647835	782 chr11	106648245	106651655	782 chr11	106652498	106655498	782
chr11	114866667	114869667	787 chr11	114871591	114876076	787 chr11	114876651	114879651	787
chr11	116462371	116476679	788 chr11	116477395	116481622	788 chr11	116481905	116492577	788
chr11	121329411	121332411	794 chr11	121332632	121336061	794 chr11	121336163	121350036	794
chr11	121773637	121789928	795 chr11	121790799	121793879	795 chr11	121794587	121797587	795
chr12	12573095	12576095	808 chr12	12577603	12581986	808 chr12	12583447	12592400	808
chr12	17205142	17211570	810 chr12	17214020	17221474	810 chr12	17222580	17225580	810
chr12	23492448	23504507	814 chr12	23507501	23512569	814 chr12	23513905	23525172	814
chr12	43583255	43586255	816 chr12	43587241	43593748	816 chr12	43595950	43598950	816
chr12	78220313	78243512	825 chr12	78245425	78249027	825 chr12	78249191	78258362	825
chr12	78656073	78659073	826 chr12	78660483	78666708	826 chr12	78667151	78670151	826
chr12	91660367	91670253	828 chr12	91670283	91673681	828 chr12	91673711	91676711	828
chr12	127375788	127386529	839 chr12	127387059	127391378	839 chr12	127392227	127408122	839
chr13	21109819	21112819	846 chr13	21112878	21116986	846 chr13	21117764	21120764	846
chr13	21803288	21808020	847 chr13	21809766	21813220	847 chr13	21814802	21842412	847
chr13	22438341	22451320	849 chr13	22453080	22459877	849 chr13	22461964	22469604	849
chr13	26699068	26707940	851 chr13	26708465	26711668	851 chr13	26712326	26734217	851
chr13	26911452	26915221	852 chr13	26915636	26918651	852 chr13	26920678	26932653	852
chr13	44312830	44324682	862 chr13	44327053	44330509	862 chr13	44330605	44333605	862
chr13	45897526	45919677	864 chr13	45920351	45923570	864 chr13	45925991	45937525	864
chr13	48801693	48804693	868 chr13	48807536	48811291	868 chr13	48811611	48814611	868
chr13	61011715	61014715	870 chr13	61015638	61019752	870 chr13	61020202	61023765	870
chr13	61549991	61552991	871 chr13	61554542	61557824	871 chr13	61559117	61562117	871
chr13	70518085	70521085	872 chr13	70523619	70528201	872 chr13	70528360	70531360	872
chr13	77426308	77455664	875 chr13	77456587	77460093	875 chr13	77460429	77463650	875
chr13	81146472	81149472	877 chr13	81150528	81154380	877 chr13	81154463	81177273	877
chr13	84457232	84460232	878 chr13	84461144	84464160	878 chr13	84464242	84467242	878
chr13	89855603	89865407	879 chr13	89866610	89870662	879 chr13	89870716	89873716	879
chr13	97656207	97659207	882 chr13	97659876	97663003	882 chr13	97663043	97666043	882
chr13	104680105	104690894	885 chr13	104691009	104694148	885 chr13	104694188	104713152	885
chr13	104978362	104984264	886 chr13	104985289	104988666	886 chr13	104989927	105010448	886
chr13	107128397	107131397	890 chr13	107132058	107136190	890 chr13	107136236	107160795	890
chr13	112114520	112129066	896 chr13	112129769	112133262	896 chr13	112134955	112146300	896
chr14	30391748	30394748	908 chr14	30395717	30399530	908 chr14	30400981	30411523	908
chr14	42848917	42851917	911 chr14	42853828	42858395	911 chr14	42858959	42862688	911
chr14	44724276	44727276	912 chr14	44728993	44736740	912 chr14	44738362	44741362	912
chr14	87025072	87034698	921 chr14	87034824	87038567	921 chr14	87041237	87044237	921
chr14	92177961	92180961	925 chr14	92182368	92188568	925 chr14	92189096	92200110	925
chr14	98667612	98670612	928 chr14	98671130	98674201	928 chr14	98674299	98684021	928
chr15	23782385	23793826	932 chr15	23793974	23800781	932 chr15	23801570	23829087	932
chr15	24784630	24787630	933 chr15	24788437	24793163	933 chr15	24795181	24816114	933
chr15	26466642	26475457	934 chr15	26476126	26480416	934 chr15	26481288	26509934	934
chr15	37867333	37873751	946 chr15	37874312	37878153	946 chr15	37878499	37885962	946
chr15	62901400	62921693	956 chr15	62922007	62926108	956 chr15	62926461	62938292	956
chr15	88773705	88776705	966 chr15	88778505	88781870	966 chr15	88784113	88789185	966
chr15	97151390	97166872	975 chr15	97168957	97174558	975 chr15	97175029	97186928	975
chr16	8162957	8181201	985 chr16	8181489	8188959	985 chr16	8188986	8191986	985
chr16	16858935	16861935	991 chr16	16862643	16865780	991 chr16	16868643	16892720	991
chr16	23241185	23254586	996 chr16	23256600	23260334	996 chr16	23262743	23272877	996
chr16	26835354	26838354	999 chr16	26838541	26843008	999 chr16	26845781	26848781	999
chr16	26937577	26943546	1000 chr16	26946234	26949936	1000 chr16	26951675	26973276	1000
chr16	48939523	48942523	1002 chr16	48942578	48948855	1002 chr16	48950332	48971355	1002
chr16	48950332	48971355	1003 chr16	48971912	48975379	1003 chr16	48975479	48999414	1003
chr16	49261653	49264653	1004 chr16	49266063	49269907	1004 chr16	49270281	49273281	1004
chr16	54480211	54493850	1011 chr16	54495266	54498378	1011 chr16	54498729	54512325	1011
chr16	60543220	60546220	1014 chr16	60547194	60550456	1014 chr16	60551970	60581379	1014
chr16	61057711	61060711	1015 chr16	61060898	61064496	1015 chr16	61067492	61085607	1015
chr16	61067492	61085607	1016 chr16	61085827	61089905	1016 chr16	61090294	61098623	1016
chr16	63783451	63796977	1019 chr16	63798800	63804010	1019 chr16	63804983	63807983	1019
chr16	64858655	64865578	1020 chr16	64865841	64868914	1020 chr16	64869544	64892030	1020
chr16	75993605	76020700	1021 chr16	76021382	76025426	1021 chr16	76026849	76029849	1021
chr16	84958708	84962052	1029 chr16	84964269	84967995	1029 chr16	84968720	84971720	1029
chr17	4413356	4416356	1038 chr17	4417249	4421066	1038 chr17	4422223	4433544	1038
chr17	13264723	13272814	1043 chr17	13273495	13278067	1043 chr17	13278430	13292361	1043
chr17	13415767	13434639	1044 chr17	13436333	13440980	1044 chr17	13442254	13450213	1044
chr17	14593288	14596288	1047 chr17	14596737	14605182	1047 chr17	14605475	14622038	1047
chr17	34649285	34655856	1055 chr17	34657226	34661904	1055 chr17	34663424	34681307	1055
chr17	36646211	36657712	1058 chr17	36660264	36663773	1058 chr17	36663856	36675349	1058
chr17	55733394	55738142	1064 chr17	55738235	55741246	1064 chr17	55741726	55747352	1064
chr17	61566019	61569019	1068 chr17	61570282	61573522	1068 chr17	61575083	61578083	1068
chr17	74018270	74028946	1074 chr17	74031262	74034943	1074 chr17	74037144	74040432	1074
chr17	79866288	79880655	1080 chr17	79882839	79888359	1080 chr17	79889517	79905143	1080
chr18	5332366	5347000	1085 chr18	5347591	5351296	1085 chr18	5351611	5361394	1085
chr18	10106255	10112759	1091 chr18	10113322	10117476	1091 chr18	10117610	10122957	1091
chr18	10418897	10423837	1092 chr18	10424217	10428457	1092 chr18	10430129	10437669	1092
chr18	11167963	11170963	1093 chr18	11172028	11176069	1093 chr18	11178065	11182615	1093
chr18	25409966	25412966	1096 chr18	25414346	25421475	1096 chr18	25421750	25424750	1096
chr18	41875547	41884164	1102 chr18	41884392	41887455	1102 chr18	41887487	41911908	1102
chr18	47946677	47949677	1105 chr18	47952668	47957604	1105 chr18	47958569	47961569	1105
chr18	51254657	51257657	1111 chr18	51258583	51262076	1111 chr18	51262094	51271295	1111
chr18	55150893	55153893	1112 chr18	55154402	55161654	1112 chr18	55162556	55166632	1112
chr18	56571918	56574918	1114 chr18	56576323	56579540	1114 chr18	56580262	56597188	1114
chr18	59164867	59168181	1117 chr18	59169558	59178011	1117 chr18	59180439	59192028	1117
chr18	64858536	64879888	1121 chr18	64879992	64883294	1121 chr18	64885416	64913304	1121
chr18	67035501	67038501	1122 chr18	67040498	67044172	1122 chr18	67045397	67074591	1122
chr18	69072285	69082375	1124 chr18	69082913	69086368	1124 chr18	69087150	69090150	1124
chr18	71696730	71712566	1125 chr18	71715091	71719217	1125 chr18	71721763	71725624	1125
chr18	73040260	73048261	1126 chr18	73050051	73055502	1126 chr18	73055865	73060440	1126
chr18	73570231	73575995	1127 chr18	73577457	73581271	1127 chr18	73581474	73594557	1127
chr18	73792270	73808079	1129 chr18	73809118	73815255	1129 chr18	73815717	73819023	1129
chr18	76181767	76184767	1130 chr18	76185639	76191247	1130 chr18	76192403	76195403	1130
chr18	77381009	77396759	1132 chr18	77397547	77404539	1132 chr18	77406499	77415396	1132
chr18	78467081	78470081	1133 chr18	78470985	78474062	1133 chr18	78475992	78478992	1133
chr18	78666839	78669839	1134 chr18	78671318	78674866	1134 chr18	78675166	78678326	1134
chr19	5459460	5469821	1142 chr19	5470399	5477872	1142 chr19	5479205	5491807	1142
chr19	32501484	32504484	1155 chr19	32505700	32508987	1155 chr19	32511361	32517125	1155
chr19	43430230	43448904	1157 chr19	43450763	43455878	1157 chr19	43455962	43458962	1157
chr19	56877897	56880897	1164 chr19	56881112	56887015	1164 chr19	56887590	56910962	1164
chr20	2256328	2260555	1165 chr20	2263375	2266411	1165 chr20	2266725	2274234	1165
chr20	5369662	5392434	1168 chr20	5393495	5396510	1168 chr20	5398218	5401218	1168
chr20	6639829	6654845	1170 chr20	6656587	6660522	1170 chr20	6662560	6673170	1170
chr20	6856204	6876877	1171 chr20	6877207	6884878	1171 chr20	6886270	6907118	1171
chr20	18910585	18914649	1184 chr20	18916251	18920659	1184 chr20	18920678	18940230	1184
chr20	22501458	22504684	1187 chr20	22505487	22510818	1187 chr20	22511657	22531131	1187
chr20	40820820	40824155	1188 chr20	40824893	40828684	1188 chr20	40830761	40833761	1188
chr20	48212554	48216394	1195 chr20	48217580	48223181	1195 chr20	48224461	48249655	1195
chr20	48561732	48580798	1196 chr20	48580982	48592440	1196 chr20	48592907	48595907	1196
chr20	54786243	54789243	1199 chr20	54791675	54795609	1199 chr20	54798000	54803330	1199
chr20	54995733	55001384	1200 chr20	55002731	55006232	1200 chr20	55006774	55019804	1200
chr20	55254762	55257762	1201 chr20	55258008	55261611	1201 chr20	55261834	55264834	1201
chr20	55751032	55769143	1202 chr20	55771333	55775627	1202 chr20	55776156	55798586	1202
chr20	55964120	55967752	1203 chr20	55970056	55973324	1203 chr20	55973400	55976400	1203
chr20	61113687	61125302	1206 chr20	61125748	61131099	1206 chr20	61132908	61135908	1206
chr21	15068165	15075898	1213 chr21	15078597	15083406	1213 chr21	15085037	15104780	1213
chr21	15628735	15638319	1214 chr21	15638460	15641723	1214 chr21	15641881	15644881	1214
chr21	17060567	17085032	1215 chr21	17085510	17088750	1215 chr21	17089525	17092525	1215
chr21	20264809	20267809	1218 chr21	20268165	20271546	1218 chr21	20271880	20274880	1218
chr21	21875107	21895742	1222 chr21	21898323	21906376	1222 chr21	21907140	21910140	1222
chr21	23695231	23715637	1223 chr21	23715824	23719854	1223 chr21	23720679	23732628	1223
chr21	24119681	24130397	1224 chr21	24130814	24134139	1224 chr21	24136201	24139201	1224
chr21	27908021	27911021	1227 chr21	27912651	27919663	1227 chr21	27921813	27924813	1227
chr21	39100836	39107461	1231 chr21	39108155	39112084	1231 chr21	39113648	39118149	1231
chr21	40977196	41005446	1233 chr21	41006391	41009487	1233 chr21	41009559	41012559	1233
chr21	43077476	43080476	1235 chr21	43083133	43087130	1235 chr21	43089911	43092911	1235
chr22	25524762	25533190	1243 chr22	25534817	25538754	1243 chr22	25538911	25543107	1243
chr22	39692531	39695531	1254 chr22	39695542	39706913	1254 chr22	39707929	39710929	1254
chr22	42468326	42471326	1255 chr22	42473447	42478948	1255 chr22	42479473	42482473	1255
